1111000111111110001111111111000000110000000000000111111100000000000011100011100001111000011000001111
1111000111111110001100000000000000000000000000000000000000000000000000000000000000000000000000000111
1111000111111110000000000000000000000000000000000000000000000000000000000000000000000000000000000001
1111000111111110000000000000000000000000000000000000000000000000000000000000000000000000000000000001
1111000111100000000000011100001111111000000000000000000000000000000000000000000001100000000000000001
1111000111100000000000011100001111111000011000000001100000001100000000110000000001110000000110000001
1111000111100000000001111110000000011111111111110001100001111100000001111000011111111111111111000001
1110000011111111000001111110000000011111111111110000000001111110000001111000111111111111111111000011
1110000001111111110000111110000000000000000011111000000011111110000011111000111111111111111111000011
1110000000000111110000001111000000000000000011111000000011111110000011111100111100011110000011000011
1110000000000000110000001111000000000000000011111111100011111111000111111111110000001110000011111111
1110000000000000111000001100000110000110000111111111100011111111111111111111110000001110000011111111
1110000000000000111000011100000110000110001111111111111111000111111110001111000000001110000000000111
1100000000000000011111111100000110000111111110001111111111000111111110000011000000001100000000000001
1100000000000000011111111100001110001111111100000111100000000000011000000011000000000000000000000001
1100000000000000011111111100001110001111111100000111100000000000011000000011000000000000000000000001
1000000000000000000000000000001110000001100000000110000000000000000000000011000000000000000000000001
1000000000000000000000000000011110000000000000000110000000000000000000000000000000000000000000000001
1000000000000000000000000000011110000000000000000110000000000000000000000000000000000000000000000001
1000000000001111111100001100001111000000000000000110000000000000000110000000000000000000011110000001
1000000000001111111100001100001111000001100000000111000001100000000110000000000000000000011110000001
1000000000001100000000011100000000000111100000000111000011100000000111000000000000001100011110000001
1000000000000000000000011110000000000111100000111110000011100000001111000000000000001111111111000001
1000000000000000000000011110000000000111111111111110000111110000001111000000000000111111111111000001
1000000000000000000001111111000111111111111111111110000111110000001111110000000011111111100011100001
1000000000000000000011111111000111111111111111000111000000111000011111110000000011110001100011100001
1000000000000000000011111111000111111110001100000111000000111000111111111111000000110000000000000011
1000000000000011000011111111111111111110001100000111000000111111111111111111000000000000000000000011
1000000000000011000111111111111111111110001100000111110000111111111111100011100000000000000000000011
1000000000000111000111111100011111100000000000000111111000001100000001100011111000000000000000000111
1000000000000111000111111100011111100000000000000111111000001100000001100011111000000000000000000111
1000000000000111000111111100011111100000000000000111111000000000000011100011100000000001100000000111
1000000000001111000011111100011111000000000000000001111110000000000011100011100000000011100000001111
1000000000001111000011111100000000000000000000000000011110000000011111100011100000000011100001111111
1000011100001111000011111100000000000000000000000000001111000000011111100011110000000011111111111111
1000011100011111000011111100000000000000000000000000001111000011111111100011110000000111111111110001
1100001100011111000011111100000000000000000000000000001111000011111111100011111000000111111111110001
1100001111111111000000001100000000000000110000000000000111000011000111100011111000000111000011110001
1100001111111111000000001100000001100000110000000000000011000111000001100011000000001110000011000001
1110000000011111000000001100000001110001111100000000000011000111000000000011000000001110000000000001
1110000000011111000000001100000001110001111100000110000000000110000000000011000000111110000000000001
1110000000000011000000001100000011110001111100000110000000000110000000000011000000111110000000000001
1111110000000000000000001110000111111111111111000111000000000110000000000011000001111110000000000001
1111110000000000000000001110000111111111111111000111111111111110000000000011100001111110000000000001
1111110001100000000000001111000000000000000011000111111111111110000000000011110000011100000000000001
1111110001100000000000001111000000000000000011000111111111111110000000000011110000011100000000000001
1111110001100011111100001111000000000000000000000000000011000110000000000011110000000000000000000001
1100000001111111111100001111100000000000000000000000000000000110000000000000111000000000000000000001
1000000001111111100000011111110000111100000000000000000000000110000000000000111100000000000000000001
1000000001111111000000011111110000111110000000011110000000000110000000000000111111100000011000000001
1000000001111111000000011111000000111110000000011111000011000000000000000000111111110000011100000001
1000000000000110000011111100000001111000001100011111000011000000000000001100000001111000011110000001
1000000000000110000111111100000001110000001100011111111111000000000000001100000001111000011110000111
1000000000000110000111111100000001100000001111111111111111111100000110001100000000011111111100001111
1000000000000111000000000000011111100000111111111111100011111100000110001111000000011111111000001111
1000000000000111000000000000011111100000111110000111100000001100000110001111000000000000000000001111
1000000000000111000000000000011111110000111110000111100000001100001111111111000000000000000000011111
1000000000000111100011000011111111110001111110000110000000001110001111111111110000000000000000011111
1000000000000111111111111111111000111111110000000110000000001111111111111111111111111111111111111111
1000000000000111111111111111000000111111100000000110000000001111111111100011111111111111111111111111
